image: map.pgm
resolution: 0.049999999999999996
origin: [-6.175000099837774, -7.125000173971049, 0.0000]
negate: 0
occupied_thresh: 0.65
free_thresh: 0.196
