image: maze_map.pgm
resolution: 0.049999999999999996
origin: [-5.475000096410508, -7.0249997565895335, 0.0000]
negate: 0
occupied_thresh: 0.65
free_thresh: 0.196
