image: maze_map.pgm
resolution: 0.049999999999999996
origin: [-9.004446983337402, -0.5826168060302734, 0.0000]
negate: 0
occupied_thresh: 0.65
free_thresh: 0.196
