image: small_maze_map.png
resolution: 0.05
# origin: [40.02499923706055, 41.27499923706055, 0.0000]
origin: [-21.0000, -64.0000, 0.0000]
negate: 0
occupied_thresh: 0.65
free_thresh: 0.196
