image: updated_maze_map.png
resolution: 0.05
origin: [-41.925000762939455, -40.675000762939455, 0.0000]
negate: 0
occupied_thresh: 0.65
free_thresh: 0.196
